subframe0 0 128 0 4096
subframe1 128 256 0 4096
subframe2 256 384 0 4096
subframe3 384 512 0 4096
subframe4 512 640 0 4096
subframe5 640 768 0 4096
subframe6 768 896 0 4096
subframe7 896 1024 0 4096
subframe8 1024 1152 0 4096
subframe9 1152 1280 0 4096
subframe10 1280 1408 0 4096
subframe11 1408 1536 0 4096
subframe12 1536 1664 0 4096
subframe13 1664 1792 0 4096
subframe14 1792 1920 0 4096
subframe15 1920 2048 0 4096
subframe16 2048 2176 0 4096
subframe17 2176 2304 0 4096
subframe18 2304 2432 0 4096
subframe19 2432 2560 0 4096
subframe20 2560 2688 0 4096
subframe21 2688 2816 0 4096
subframe22 2816 2944 0 4096
subframe23 2944 3072 0 4096
subframe24 3072 3200 0 4096
subframe25 3200 3328 0 4096
subframe26 3328 3456 0 4096
subframe27 3456 3584 0 4096
subframe28 3584 3712 0 4096
subframe29 3712 3840 0 4096
subframe30 3840 3968 0 4096
